#name zcmb    zhel    dz mb        dmb     x1 dx1 color dcolor 3rdvar d3rdvar cov_m_s cov_m_c cov_s_c set ra dec biascor
    0 0.04131 0.04131 0  16.95971  0.00971 0 0 0 0 0 0 0 0 0 0 0 0
    1 0.06876 0.06876 0  18.09100  0.00543 0 0 0 0 0 0 0 0 0 0 0 0
    2 0.13122 0.13122 0  19.58832  0.01975 0 0 0 0 0 0 0 0 0 0 0 0
    3 0.18497 0.18497 0  20.39852  0.01344 0 0 0 0 0 0 0 0 0 0 0 0
    4 0.24504 0.24504 0  21.06786  0.01072 0 0 0 0 0 0 0 0 0 0 0 0
    5 0.31077 0.31077 0  21.66887  0.00831 0 0 0 0 0 0 0 0 0 0 0 0
    6 0.38363 0.38363 0  22.20999  0.00742 0 0 0 0 0 0 0 0 0 0 0 0
    7 0.46589 0.46589 0  22.71172  0.00643 0 0 0 0 0 0 0 0 0 0 0 0
    8 0.55252 0.55252 0  23.14989  0.00640 0 0 0 0 0 0 0 0 0 0 0 0
    9 0.66210 0.66210 0  23.63378  0.00740 0 0 0 0 0 0 0 0 0 0 0 0
   10 0.77427 0.77427 0  24.03331  0.00896 0 0 0 0 0 0 0 0 0 0 0 0
   11 0.91088 0.91088 0  24.45842  0.01826 0 0 0 0 0 0 0 0 0 0 0 0
   12 1.04616 1.04616 0  24.86938  0.04258 0 0 0 0 0 0 0 0 0 0 0 0
