#name zcmb    zhel    dz mb        dmb     x1 dx1 color dcolor 3rdvar d3rdvar cov_m_s cov_m_c cov_s_c set ra dec biascor
    0 0.04131 0.04131 0  16.95666  0.00969 0 0 0 0 0 0 0 0 0 0 0 0
    1 0.06876 0.06876 0  18.08798  0.00541 0 0 0 0 0 0 0 0 0 0 0 0
    2 0.13121 0.13121 0  19.58492  0.01969 0 0 0 0 0 0 0 0 0 0 0 0
    3 0.18499 0.18499 0  20.39545  0.01338 0 0 0 0 0 0 0 0 0 0 0 0
    4 0.24503 0.24503 0  21.06469  0.01068 0 0 0 0 0 0 0 0 0 0 0 0
    5 0.31077 0.31077 0  21.66587  0.00828 0 0 0 0 0 0 0 0 0 0 0 0
    6 0.38392 0.38392 0  22.21029  0.00722 0 0 0 0 0 0 0 0 0 0 0 0
    7 0.46752 0.46752 0  22.71812  0.00579 0 0 0 0 0 0 0 0 0 0 0 0
    8 0.55669 0.55669 0  23.16332  0.00521 0 0 0 0 0 0 0 0 0 0 0 0
    9 0.66538 0.66538 0  23.64440  0.00488 0 0 0 0 0 0 0 0 0 0 0 0
   10 0.78147 0.78147 0  24.05770  0.00469 0 0 0 0 0 0 0 0 0 0 0 0
   11 0.92328 0.92328 0  24.50777  0.00502 0 0 0 0 0 0 0 0 0 0 0 0
   12 1.08255 1.08255 0  24.94297  0.00665 0 0 0 0 0 0 0 0 0 0 0 0
   13 1.24447 1.24447 0  25.30917  0.01137 0 0 0 0 0 0 0 0 0 0 0 0
