13
  0.00002689  
  0.00002372  
  0.00001405  
  0.00000556  
  0.00000353  
 -0.00000655  
 -0.00000911  
 -0.00000885  
 -0.00001029  
 -0.00000830  
 -0.00001408  
 -0.00000024  
 -0.00000707  
  0.00002372  
  0.00002228  
  0.00001291  
  0.00000670  
  0.00000287  
 -0.00000520  
 -0.00000789  
 -0.00000839  
 -0.00000978  
 -0.00000828  
 -0.00001250  
 -0.00000105  
 -0.00000615  
  0.00001405  
  0.00001291  
  0.00004802  
  0.00002223  
  0.00001800  
 -0.00000594  
 -0.00000050  
 -0.00000525  
 -0.00000712  
 -0.00000452  
 -0.00001640  
 -0.00001105  
 -0.00001722  
  0.00000556  
  0.00000670  
  0.00002223  
  0.00002350  
  0.00001431  
  0.00000349  
 -0.00000066  
 -0.00000326  
 -0.00000694  
 -0.00000240  
 -0.00000778  
 -0.00001445  
 -0.00000540  
  0.00000353  
  0.00000287  
  0.00001800  
  0.00001431  
  0.00001912  
  0.00000073  
  0.00000092  
 -0.00000180  
 -0.00000426  
 -0.00000347  
 -0.00000692  
 -0.00000709  
  0.00001960  
 -0.00000655  
 -0.00000520  
 -0.00000594  
  0.00000349  
  0.00000073  
  0.00001244  
  0.00000379  
  0.00000119  
 -0.00000217  
  0.00000050  
  0.00000702  
 -0.00001434  
 -0.00000200  
 -0.00000911  
 -0.00000789  
 -0.00000050  
 -0.00000066  
  0.00000092  
  0.00000379  
  0.00000923  
  0.00000394  
  0.00000182  
 -0.00000056  
  0.00000431  
 -0.00000754  
  0.00000752  
 -0.00000885  
 -0.00000839  
 -0.00000525  
 -0.00000326  
 -0.00000180  
  0.00000119  
  0.00000394  
  0.00000471  
  0.00000409  
  0.00000198  
  0.00000333  
  0.00000182  
  0.00000251  
 -0.00001029  
 -0.00000978  
 -0.00000712  
 -0.00000694  
 -0.00000426  
 -0.00000217  
  0.00000182  
  0.00000409  
  0.00000781  
  0.00000497  
  0.00000331  
  0.00000659  
 -0.00000350  
 -0.00000830  
 -0.00000828  
 -0.00000452  
 -0.00000240  
 -0.00000347  
  0.00000050  
 -0.00000056  
  0.00000198  
  0.00000497  
  0.00000753  
  0.00000373  
  0.00000176  
 -0.00001438  
 -0.00001408  
 -0.00001250  
 -0.00001640  
 -0.00000778  
 -0.00000692  
  0.00000702  
  0.00000431  
  0.00000333  
  0.00000331  
  0.00000373  
  0.00001498  
 -0.00000232  
  0.00000756  
 -0.00000024  
 -0.00000105  
 -0.00001105  
 -0.00001445  
 -0.00000709  
 -0.00001434  
 -0.00000754  
  0.00000182  
  0.00000659  
  0.00000176  
 -0.00000232  
  0.00004030  
  0.00000345  
 -0.00000707  
 -0.00000615  
 -0.00001722  
 -0.00000540  
  0.00001960  
 -0.00000200  
  0.00000752  
  0.00000251  
 -0.00000350  
 -0.00001438  
  0.00000756  
  0.00000345  
  0.00026273  
